batch	detected_at	detected_by	last_output_utc	reason
kaist-cs492d	2026-10-09T10:57:21Z	20261009T105721Z	2026-10-07T02:42:23Z	sin fila en joblog.tsv y sin proceso vivo: la ola murió antes de que el lote terminara
